"","COVID-19_D","COVID-19_O","COVID-19_WT","Ebola","H1N1_09","H1N1_18","Marburg","MERS","Mpox","SARS"
"COVID-19_D",500,186,325,0,59,108,0,2,27,281
"COVID-19_O",186,500,52,0,52,116,0,0,0,44
"COVID-19_WT",325,52,500,0,38,63,1,22,65,330
"Ebola",0,0,0,500,0,0,242,3,1,0
"H1N1_09",59,52,38,0,500,396,0,0,2,81
"H1N1_18",108,116,63,0,396,500,0,0,6,115
"Marburg",0,0,1,242,0,0,500,4,57,1
"MERS",2,0,22,3,0,0,4,500,11,11
"Mpox",27,0,65,1,2,6,57,11,500,109
"SARS",281,44,330,0,81,115,1,11,109,500
