"","COVID-19_D","COVID-19_O","COVID-19_WT","Ebola","H1N1_09","H1N1_18","Marburg","MERS","Mpox","SARS"
"COVID-19_D",100,70,53,0,46,46,0,0,14,39
"COVID-19_O",70,100,25,0,45,45,0,0,0,13
"COVID-19_WT",53,25,100,0,33,33,1,17,49,86
"Ebola",0,0,0,100,0,0,83,28,10,2
"H1N1_09",46,45,33,0,100,100,0,0,2,25
"H1N1_18",46,45,33,0,100,100,0,0,2,25
"Marburg",0,0,1,83,0,0,100,20,25,2
"MERS",0,0,17,28,0,0,20,100,21,26
"Mpox",14,0,49,10,2,2,25,21,100,58
"SARS",39,13,86,2,25,25,2,26,58,100
