"","COVID-19_D","COVID-19_O","COVID-19_WT","Ebola","H1N1_09","H1N1_18","Marburg","MERS","Mpox","SARS"
"COVID-19_D",500,307,285,0,14,20,0,0,19,10
"COVID-19_O",307,500,130,0,5,12,0,0,4,2
"COVID-19_WT",285,130,500,0,26,43,0,14,52,129
"Ebola",0,0,0,500,0,0,277,3,1,0
"H1N1_09",14,5,26,0,500,425,0,0,14,207
"H1N1_18",20,12,43,0,425,500,1,0,22,240
"Marburg",0,0,0,277,0,1,500,8,54,6
"MERS",0,0,14,3,0,0,8,500,13,26
"Mpox",19,4,52,1,14,22,54,13,500,133
"SARS",10,2,129,0,207,240,6,26,133,500
