"","COVID-19_D","COVID-19_O","COVID-19_WT","Ebola","H1N1_09","H1N1_18","Marburg","MERS","Mpox","SARS"
"COVID-19_D",100,86,77,0,9,9,0,0,19,13
"COVID-19_O",86,100,64,0,7,8,0,0,11,5
"COVID-19_WT",77,64,100,0,15,15,1,6,33,32
"Ebola",0,0,0,100,0,0,89,37,19,4
"H1N1_09",9,7,15,0,100,98,0,0,6,53
"H1N1_18",9,8,15,0,98,100,0,0,4,53
"Marburg",0,0,1,89,0,0,100,26,29,7
"MERS",0,0,6,37,0,0,26,100,25,28
"Mpox",19,11,33,19,6,4,29,25,100,32
"SARS",13,5,32,4,53,53,7,28,32,100
